<?xml version="1.0"?>
<opencv_storage>
<calibration_time>"Sun 21 Oct 2018 02:06:54 PM UTC"</calibration_time>
<nr_of_frames>17</nr_of_frames>
<image_width>960</image_width>
<image_height>540</image_height>
<board_width>9</board_width>
<board_height>6</board_height>
<square_size>50.</square_size>
<fix_aspect_ratio>1.</fix_aspect_ratio>
<!-- flags: +fix_aspectRatio +fix_principal_point +zero_tangent_dist +fix_k4 +fix_k5 -->
<flags>6158</flags>
<fisheye_model>0</fisheye_model>
<camera_matrix type_id="opencv-matrix">
  <rows>3</rows>
  <cols>3</cols>
  <dt>d</dt>
  <data>
    8.6885271072224168e+02 0. 480. 0. 8.6885271072224168e+02 270. 0. 0.
    1.</data></camera_matrix>
<distortion_coefficients type_id="opencv-matrix">
  <rows>5</rows>
  <cols>1</cols>
  <dt>d</dt>
  <data>
    -2.4600638987410905e-01 -1.6405763498334058e-02 0. 0.
    -5.9989978048106393e-02</data></distortion_coefficients>
<avg_reprojection_error>6.8023968548829106e-01</avg_reprojection_error>
<per_view_reprojection_errors type_id="opencv-matrix">
  <rows>17</rows>
  <cols>1</cols>
  <dt>f</dt>
  <data>
    9.51742887e-01 1.22947049e+00 1.74912691e-01 3.75475824e-01
    5.12738109e-01 4.75241095e-01 3.78091544e-01 5.47017694e-01
    6.26524985e-01 9.31600988e-01 7.78488636e-01 7.28754699e-01
    7.94313729e-01 5.66417575e-01 3.72690380e-01 6.43458962e-01
    6.66464686e-01</data></per_view_reprojection_errors>
<!-- a set of 6-tuples (rotation vector + translation vector) for each view -->
<extrinsic_parameters type_id="opencv-matrix">
  <rows>17</rows>
  <cols>6</cols>
  <dt>d</dt>
  <data>
    6.1797566546263405e-01 -2.6110746187891453e-02
    1.0695291360724812e-02 -1.8113622750265469e+02
    -7.0408203848114354e+01 4.0428079780144219e+02
    -4.7495945215164648e-01 -4.3248458627532488e-02
    -1.2648519721615020e-02 -2.0637482186145908e+02
    -1.4022722067090942e+02 5.4521358752836409e+02
    3.7719416468864281e-03 3.4408092901484819e-02
    -6.3118672801474388e-03 -2.1004479072975380e+02
    -1.5787198816901966e+02 1.5332350342991106e+03
    -4.0199583046731410e-04 6.5900470041614867e-01
    -4.8129226013664240e-04 -4.4414879189285563e+02
    -1.2738245479221018e+02 1.6262818298016891e+03
    7.6341006146449803e-03 -6.7785796829874434e-01
    -8.5582904713006214e-03 6.1065042767675763e+01
    -1.2338651669557670e+02 9.8905600961642767e+02
    -2.1386364791239459e-01 -7.3220261401549913e-01
    1.3345700442488287e-01 -1.5908797123612601e+01
    -2.0420405026902873e+02 1.0975636106723632e+03
    4.9509047063129746e-01 -1.9135660552473305e-01
    2.5206265687800374e-02 -8.1121405510158425e+01
    -1.3565022989774672e+01 9.8623467798479078e+02
    1.3016245168252227e-02 4.8260579921489632e-01
    -3.9681890509232773e-03 -8.1089396691637273e+02
    -1.3546653170663441e+02 1.6264631574430198e+03
    1.1729731509017405e-02 6.6264636285036993e-01 4.1371393973304582e-03
    1.6966064702375469e+01 -1.4875617891423255e+02
    1.1030625224729974e+03 -3.5567603982689477e-01
    6.7539459447963301e-01 -4.2106588755420632e-01
    -2.7016041944334040e+02 -4.7575520223736909e+01
    1.3452353392462142e+03 3.6767042348663126e-02
    -4.8675288603799072e-01 5.7849698148581792e-03
    2.9773313022000951e+02 -1.9858962814587761e+02
    1.0471284919056111e+03 -4.3323089917585302e-02
    -4.5835125827939271e-01 2.7684409860822976e-02
    2.4995546833642950e+02 -5.0711201930486077e+01
    1.0057093822883369e+03 2.1112157459323520e-02
    -4.3178494277672941e-01 -4.6193094866944812e-02
    2.7181386515379558e+02 -2.2974865614525419e+02
    9.9654599374271913e+02 2.0854480167607550e-01
    -4.2651116394366341e-02 9.6437163452118852e-03
    -1.7738379695204961e+02 -4.6121961162724553e+01
    8.5725102050717260e+02 1.6682628863758256e-01
    -3.7294439839859132e-02 -1.7345257540668745e-03
    -1.5926538982589500e+02 -1.8548594045439418e+02
    8.9699063266141218e+02 6.2851625533071803e-02 4.0930832470190914e-01
    4.6046770173206596e-02 -6.2230301877451836e+02
    -2.5043764249301569e+02 1.2086090751612696e+03
    -4.1343580176986153e-02 4.0641831815046586e-01
    -1.2933395557265047e-02 -6.4194377196650987e+02
    6.0580578704430401e+00 1.2445567953381415e+03</data></extrinsic_parameters>
